13962
43905
00504
61274
43753

70992
46941
48658
57238
21159

65172
72300
38051
47267
16239

28053
11641
59408
35303
50595

02190
43548
16508
29066
62509

83634
30455
82979
02140
61207

66012
07686
92002
60867
86816

70305
31840
63606
39847
29902

66761
03261
41078
50968
23395

88344
89139
86326
96719
72640

83503
36807
19110
82615
05621

51662
71420
55680
86984
26584

21636
35804
18792
93290
36493

68192
44862
41487
87971
63013

84294
23577
16614
60022
68181

38754
79551
83053
35415
57702

84755
42003
00812
20852
49510

34053
58684
16749
02909
75304

94582
09271
45347
99476
38724

29215
68396
88199
45568
15712

06936
84981
66354
49602
78430

37293
60458
88441
94109
72391

55875
16194
96191
36460
96973

71213
92403
04794
62353
70437

83025
80951
14714
00721
97803

46063
80068
64749
66980
78683

74665
47076
43097
82554
04670

12178
23310
83976
90270
70667

10741
74899
83281
12312
58912

58362
87929
72038
56299
21883

33331
62843
19528
16737
99389

51803
84445
15445
01887
06685

15934
56652
77764
50934
45945

75807
91797
33446
43306
62000

46561
45284
41204
75190
76228

80188
25842
70067
86997
60645

78984
96246
33354
56561
87750

29317
73504
70680
79018
46329

27971
21631
66664
34273
46544

16440
81223
75486
25196
95665

36160
05505
85962
28763
42222

38196
45420
19758
04900
40446

77705
44016
92795
54460
82240

28891
79662
00458
22083
79159

12106
92069
71289
89279
44168

56281
27628
05884
43492
38213

86222
50002
37963
00066
46839

66116
32540
23322
40857
26598

39626
19848
73243
86568
29983

06080
27319
98185
49336
67645

43626
97761
49275
15797
04497

40039
43444
44270
75134
24853

51492
95895
52512
39856
43879

36488
24102
03951
73527
07613

70280
07006
21651
78417
26400

24218
71923
53867
36208
17180

14596
04800
73531
59510
18880

04744
32062
70073
76913
66083

89336
41425
45542
22499
02196

35630
66862
22831
68467
10638

95468
01420
74633
46662
10853

87411
74218
40171
99688
10393

30647
71047
97092
59576
03013

88711
14401
79137
04887
90372

01765
74537
30698
02310
89639

57688
14820
97915
35508
65800

60665
45248
36305
69481
88532

57636
78007
42613
30300
71789

36070
65911
87251
94047
59964

37285
38583
75608
57096
50681

68583
75818
16395
53892
66009

01032
78982
16837
15105
26869

67938
24258
00538
40963
91829

29733
93051
57133
69267
65078

71176
02081
89398
85534
89616

35699
83890
78205
00533
49016

10551
66944
72122
27130
14200

15091
99856
99655
90420
97469

52947
87950
25294
72584
88307

20134
13952
20941
84576
92282

45292
34033
13364
03343
46145

93427
45008
09937
62593
24476

92326
41621
00535
93332
62507

70206
79437
88122
09921
19530

15847
98745
47278
25306
41257

14302
84455
90758
57483
97919

60043
66769
23542
98115
02290

30530
94729
35273
33460
40357

57149
17975
67912
55304
38408

08642
50963
97670
43572
50031

37703
12622
56043
43401
18053

51658
98083
00251
35924
53460

17420
17689
70085
28308
32125

30593
59677
28067
55140
81357

39637
56603
78135
07515
26935

64220
93316
53000
53854
67234

45486
79858
18138
23023
78460

03698
52548
40564
70268
47833

80220
67367
77086
80435
20496

12139
72416
49557
24269
35645

